0.022196
-0.007121
0.004938
0.083070
0.047856
-0.012371
-0.012317
0.026210
-0.022142
-0.061927
-0.006399
-0.019322
-0.012559
0.011669
-0.005190
-0.010087
0.006559
-0.004538
0.002104
-0.011548
0.000118
-0.009558
0.002502
0.023767
0.000348
-0.033767
0.019335
-0.002121
0.007084
-0.001055
-0.004460
0.012613
0.038417
0.003475
-0.004916
-0.006287
-0.051746
0.008102
0.028956
-0.018953
0.010654
0.021664
-0.005329
0.003192
-0.000341
0.021598
-0.016357
0.018100
-0.004778
0.000223
0.017189
0.003841
0.026126
0.000959
-0.004683
0.024914
-0.004069
-0.023256
0.005470
-0.008960
0.007965
0.009076
-0.002434
0.004349
-0.010879
0.006407
-0.017613
-0.004320
-0.021152
0.013187
-0.011812
0.000553
-0.001438
0.007754
0.027921
-0.002887
0.022630
0.036602
0.010927
-0.001201
-0.003307
0.009249
0.000100
0.004084
0.030850
0.010970
0.017323
0.004304
0.013043
0.005702
-0.016825
-0.001674
0.019564
0.005300
0.017815
0.013931
-0.005725
-0.019488
0.026470
0.006425
0.038653
0.020376
-0.023022
0.024747
0.011044
0.007907
0.003478
0.003385
-0.034541
0.001581
-0.023924
0.010638
0.014737
0.038091
-0.011432
-0.017063
0.019334
-0.007264
-0.005366
-0.021988
0.018721
-0.010912
0.012276
-0.006391
0.048738
0.043878
-0.003390
-0.014890
0.015499
0.000302
0.012690
0.027299
0.002686
0.005865
-0.005687
0.013611
0.026786
-0.000348
-0.061308
0.017570
0.063675
-0.014726
-0.016823
-0.068373
0.024590
0.011037
-0.033995
0.025787
-0.001627
-0.007554
-0.056861
-0.010998
0.022320
-0.029423
-0.033298
-0.023770
0.042802
0.001311
0.043774
0.038724
-0.010867
0.032273
-0.022543
-0.041059
0.057246
0.016184
0.016367
0.041017
-0.051332
-0.012796
-0.023998
0.037490
-0.008924
0.010038
0.002558
0.011735
-0.002882
0.018134
-0.001064
-0.003268
0.027368
0.028651
0.033045
-0.002677
0.011324
-0.006667
0.018701
0.013496
-0.003345
-0.010638
0.033346
0.040012
-0.000298
-0.006374
-0.027340
0.030944
-0.001614
0.015571
0.018693
0.004342
-0.017752
0.023119
0.067676
-0.001236
-0.016942
0.010504
0.002112
0.010319
0.015775
-0.013214
0.002294
-0.008996
0.030132
-0.028625
-0.058132
-0.057560
-0.070206
0.105359
-0.022652
-0.010896
0.012721
-0.014664
0.029887
-0.002310
0.018283
0.005830
0.013156
0.030948
0.022584
-0.011232
-0.018439
0.005311
0.031645
0.023989
0.022901
-0.000463
-0.029195
0.012305
0.005082
-0.007507
-0.031462
-0.007701
0.000765
0.022335
0.035789
0.025218
0.000755
-0.001910
0.006345
-0.008757
-0.016357
0.000462
-0.076335
-0.013385
-0.035972
0.047591
-0.007692
-0.029940
0.035266
-0.054480
-0.055608
0.007830
0.002921
-0.035449
-0.106464
-0.024951
-0.041224
0.000000
0.011768
0.004865
0.024058
-0.011894
-0.015701
-0.017395
-0.056895
-0.006229
0.034972
0.031638
-0.035458
0.036361
-0.014992
-0.022203
-0.019658
0.013423
-0.018414
-0.017114
0.002344
-0.004927
0.031976
0.056522
-0.037641
-0.026316
0.023741
-0.001043
-0.028597
0.010915
-0.020941
0.063999
-0.010365
0.015155
-0.010396
0.000948
0.048055
-0.023716
0.027763
0.046972
0.010392
0.028940
-0.033159
0.019679
0.003426
0.042021
-0.013643
0.027934
0.009696
0.018356
-0.019565
-0.009160
0.020536
-0.047946
0.004350
0.004060
0.035854
0.005140
0.042398
0.044213
-0.047336
0.016792
0.037142
0.004676
0.014788
0.016314
-0.006284
0.034780
0.005222
0.020946
0.010448
-0.021804
0.013528
-0.008700
0.025675
0.009566
-0.019478
0.018630
-0.011121
-0.021426
0.012527
-0.041474
-0.006398
0.023270
0.029033
0.003111
-0.001711
0.011034
-0.014040
-0.003923
-0.000971
0.022895
-0.020007
-0.021709
0.022190
-0.026018
-0.041757
-0.005137
0.025933
0.025956
-0.014772
0.012028
-0.031122
-0.012039
0.000520
0.023896
-0.051468
0.010876
-0.015580
0.043239
-0.037211
0.011535
0.029626
0.025063
-0.029518
0.013659
-0.022929
0.007533
-0.024385
0.018687
-0.005787
-0.038764
0.006903
-0.025678
0.026170
-0.043486
0.019430
-0.047619
0.017358
0.017825
-0.005817
-0.014407
-0.021895
0.048359
0.022099
-0.003776
0.036559
0.023651
0.018265
0.014542
0.000112
-0.019964
-0.001992
-0.010605
0.013312
-0.008815
0.014344
-0.023983
0.006317
0.005932
-0.005324
-0.024232
-0.019701
0.004633
-0.034379
-0.006451
-0.014109
-0.039514
-0.000462
0.006860
-0.024304
-0.057607
-0.003420
-0.086145
0.048971
0.050861
-0.069974
-0.032125
0.014743
0.025018
-0.027969
-0.179195
0.079802
-0.039944
-0.082661
-0.030270
0.011023
-0.091502
0.007066
-0.011694
0.090827
0.139050
-0.056049
-0.058897
0.040225
-0.044067
0.010678
-0.070601
0.058804
0.014039
-0.018833
-0.044511
0.084917
0.046442
0.062076
-0.031070
-0.005856
0.037678
-0.069285
-0.040658
-0.008678
-0.024023
-0.011577
-0.049066
0.070129
-0.064289
-0.023271
0.020082
-0.040262
-0.067215
0.025966
0.125575
-0.023131
0.046255
-0.024526
-0.040358
0.039807
0.037093
-0.046820
0.028334
0.060851
0.003410
-0.018489
-0.032685
0.034421
-0.035820
0.007177
-0.065703
0.003028
0.006374
-0.047333
0.007464
-0.015513
0.009055
0.009323
-0.003695
-0.010894
0.063269
0.042204
-0.016494
-0.021608
0.018569
-0.022869
-0.021197
-0.010715
-0.027135
-0.022852
-0.012593
-0.050164
0.059207
0.066763
0.000000
0.014486
0.012160
0.038245
-0.012739
-0.030860
0.015311
0.016064
0.006130
0.031106
0.033796
0.027978
-0.045654
-0.010324
0.025305
-0.001108
-0.046692
-0.001693
-0.039525
0.006178
-0.046601
0.037953
0.010083
-0.021610
0.001346
-0.015340
0.004890
0.031685
-0.025557
-0.039847
-0.025674
0.066418
0.045696
0.039599
-0.004359
-0.005316
0.044435
0.018663
0.000985
-0.000295
0.059750
-0.010775
-0.000094
0.031740
-0.027487
-0.022087
0.006029
0.033961
0.036986
0.029101
0.021209
-0.029126
0.011478
0.027940
0.005436
-0.015888
-0.005663
0.032387
0.016221
-0.023659
0.010456
-0.002053
0.032014
-0.011962
0.006699
-0.006654
0.010008
0.005514
0.011206
0.037960
0.004846
-0.001582
-0.025962
0.001007
0.002941
-0.039747
-0.039624
0.028956
-0.004311
0.034553
0.006317
-0.012397
-0.013427
-0.013529
0.067592
0.017357
0.015182
0.005479
0.026066
0.001005
0.010467
0.019794
0.006470
-0.005668
-0.007855
-0.017307
-0.002139
-0.021293
-0.006425
0.001910
-0.005647
0.002213
0.026494
-0.015128
-0.024460
0.016491
0.026721
0.018447
-0.003300
0.003240
0.002808
-0.019674
-0.010070
-0.023158
0.013442
-0.006267
0.015841
0.027577
-0.000492
0.032403
0.004357
0.028674
0.007644
-0.009156
0.034519
0.006890
0.013750
0.000688
-0.000625
0.000188
0.017247
0.003686
0.018606
-0.005288
-0.002658
-0.007268
0.009761
-0.004773
-0.011474
0.015231
0.018813
-0.009738
-0.043111
0.027633
0.003659
0.010510
0.017375
-0.000946
0.002011
-0.011747
0.012186
0.003541
-0.010820
-0.017300
-0.000726
0.008294
0.022576
0.015384
-0.010351
0.008297
-0.002318
0.009061
0.008289
0.038308
0.014736
0.002547
-0.005405
0.002500
0.005529
-0.009057
-0.007888
0.020727
-0.004136
-0.000162
-0.024224
0.022338
0.006057
0.021449
0.001263
-0.005151
0.006340
0.001785
-0.004140
0.006684
-0.003816
-0.013172
0.009625
0.046877
0.030992
0.001366
-0.006140
-0.007159
-0.025237
-0.025181
0.020530
-0.039980
0.004297
-0.002958
0.010914
0.016875
0.001598
0.036637
0.007545
0.001330
-0.006199
0.012179
0.010663
0.001791
-0.005024
-0.026461
-0.002942
0.029812
-0.006994
-0.001223
-0.017631
-0.003390
-0.014707
-0.003757
0.001274
-0.016083
-0.022605
0.004869
0.041765
-0.006926
-0.008960
0.011866
-0.014265
0.004429
-0.016254
0.018607
0.014327
0.010745
0.008684
0.034339
0.012294
-0.011861
0.012147
-0.004300
0.015565
0.001729
-0.015906
-0.001849
0.006648
-0.008822
-0.011375
0.014106
-0.005792
-0.016712
0.044238
-0.015392
-0.017286
-0.049599
0.026903
0.014133
0.009420
-0.041322
-0.036279
0.013902
0.005803
0.017206
-0.036039
0.017756
-0.006856
0.010664
-0.005454
0.018194
0.008607
0.015071
-0.004179
0.001876
-0.006209
-0.006198
-0.016765
0.018269
0.006678
0.012970
0.021357
-0.000670
0.002298
0.006592
0.039106
0.000594
0.017984
0.008161
0.002936
0.004878
-0.012180
0.002725
-0.001470
0.002365
-0.010683
0.011249
0.016062
0.004423
-0.011859
0.018751
0.006453
0.014889
-0.003604
0.004128
0.010679
0.004403
0.004425
-0.002702
0.007668
0.002068
0.000578
0.013447
0.013147
-0.006106
-0.001334
-0.010038
0.059814
0.027968
0.016362
-0.004911
-0.027681
-0.001679
0.026911
-0.028105
0.020146
-0.028797
-0.010399
-0.038048
-0.042193
0.076868
0.009961
0.021714
-0.014232
-0.017572
0.001576
-0.007316
-0.015930
-0.042603
0.019179
0.018323
-0.006241
-0.004527
0.037852
0.013933
0.015377
0.011962
-0.003145
-0.027212
-0.019612
-0.006416
-0.024586
0.030058
0.011976
0.003037
0.021276
0.029112
0.017287
0.008092
-0.014230
0.013621
-0.010517
-0.007270
-0.008550
0.005999
-0.045211
-0.018113
-0.012126
-0.006198
0.006844
0.040381
-0.002242
0.005928
-0.008975
-0.021338
0.003693
-0.005065
-0.006164
-0.017287
0.025694
0.009329
0.018801
0.003552
-0.002539
0.018513
-0.011815
-0.010921
-0.003332
0.017881
0.000306
0.004009
-0.004867
-0.006152
0.006382
-0.008940
-0.035542
0.006395
-0.010684
-0.005861
0.017485
0.004366
-0.012605
-0.000960
-0.015382
-0.023881
0.012337
-0.010746
0.005577
0.003642
0.002474
0.029741
0.007350
0.026173
-0.003710
0.019821
0.000570
0.001292
0.013781
0.003820
0.008058
0.023499
-0.004339
0.028543
0.001907
0.014025
0.004066
0.011768
-0.003968
-0.014768
0.001778
-0.012597
-0.004335
-0.013734
0.036965
0.000865
0.000104
0.016769
0.004387
0.010766
0.005359
0.007230
0.041117
0.010358
-0.026761
0.003360
-0.003252
-0.006623
0.004456
-0.002558
-0.000714
-0.008414
-0.013956
0.010632
0.017029
0.011120
0.017487
-0.003582
0.004698
-0.007972
0.006169
-0.004339
-0.027223
-0.003214
-0.017750
-0.003614
0.026389
-0.005512
0.021615
-0.014775
0.019661
0.000635
0.005936
-0.018052
0.016873
0.005531
-0.002232
0.008537
-0.006060
0.008799
-0.003894
0.002502
0.003463
-0.004290
0.000218
0.002778
-0.001992
0.004990
0.006176
0.002961
-0.004798
0.003337
0.002433
-0.000553
-0.005011
-0.003399
0.021732
0.005219
0.008180
-0.000808
0.007162
0.018833
-0.002365
0.008137
0.003658
0.008100
-0.022469
-0.005313
-0.018180
-0.017915
0.032842
0.011705
0.007176
-0.001861
-0.020716
0.009580
0.016828
-0.002058
-0.002556
0.008910
0.015527
0.009435
0.008333
-0.010107
0.006516
0.006529
0.002005
0.008975
-0.013301
-0.021602
-0.034088
0.011843
0.000759
0.015399
0.014505
-0.011042
0.008044
0.021129
0.001224
-0.012889
0.001126
-0.009248
-0.016455
0.015346
0.004460
-0.022995
-0.044640
0.014030
-0.011864
0.026099
0.005600
-0.005891
0.017041
0.019045
-0.003129
0.001484
-0.006639
-0.000344
-0.011334
-0.009781
-0.006741
-0.002508
0.000118
-0.008933
-0.012714
0.004837
0.011221
-0.011037
-0.014921
0.013406
0.018111
0.013467
0.024211
0.006587
-0.007337
-0.000771
-0.009710
0.009748
-0.010996
0.005545
0.003935
-0.008067
-0.000260
0.002712
0.005322
-0.006353
-0.001901
-0.017514
-0.021145
0.008521
0.011097
0.001942
-0.015593
-0.002446
-0.006609
0.013817
-0.005285
0.007194
0.030882
-0.006670
0.001708
-0.007686
-0.015723
-0.017749
0.000602
-0.002257
-0.016863
0.002148
0.017881
-0.017116
-0.004866
-0.015070
-0.015425
0.031650
-0.008269
0.026720
-0.014733
0.017435
0.009698
-0.003639
0.004880
0.022611
0.017975
0.006668
0.015465
0.007027
-0.015874
-0.000706
0.012071
-0.000698
0.019985
0.024334
0.008159
0.026668
0.001008
0.015518
0.013221
0.012321
-0.026821
-0.001961
-0.003420
0.016057
-0.019761
0.009411
-0.038719
-0.009937
-0.054628
0.058888
-0.027593
0.027523
0.008804
0.017030
-0.007642
-0.000105
-0.037825
-0.027373
0.001152
0.048143
0.006906
-0.006539
0.026383
0.016659
0.000051
-0.013231
-0.009875
-0.018319
0.015212
0.011034
0.000547
-0.017337
0.006517
0.012318
0.012168
0.009402
0.019188
0.027790
0.004421
-0.003168
-0.025040
0.006172
-0.002795
-0.009698
-0.005635
-0.016221
-0.023683
-0.017623
-0.005606
0.015436
-0.002326
-0.020060
0.051406
0.029526
0.004747
0.015515
0.033225
-0.004763
0.005357
-0.055940
-0.008304
-0.006172
0.032835
-0.019716
0.007115
0.010210
0.000642
-0.000420
-0.020431
0.002270
0.014242
-0.007021
-0.001274
0.016261
-0.026955
-0.025450
-0.001558
-0.013936
0.025233
-0.010442
-0.019128
-0.006545
-0.015816
0.020325
-0.025285
-0.009319
0.034519
-0.007764
0.024116
0.014992
0.004563
0.008494
-0.005242
-0.004758
0.004035
0.007577
-0.004522
-0.007733
-0.022170
-0.003288
0.005489
0.003123
0.035949
0.001263
0.005297
0.011993
0.007934
-0.009569
0.006159
-0.000296
0.015383
0.005374
0.011102
0.010454
-0.001586
0.003580
-0.001630
-0.002745
-0.003749
0.011648
0.010384
-0.003169
-0.017417
0.016916
-0.016378
0.062439
-0.004545
0.005960
0.012811
0.007660
-0.000635
-0.002345
0.010019
0.009333
0.010475
0.016744
0.034593
0.000507
0.018605
0.013649
-0.023142
0.009123
-0.000179
0.025353
-0.003516
0.006530
0.011658
0.006413
0.018354
0.013130
0.003742
0.001304
-0.022048
-0.005439
0.000811
0.021293
0.005867
0.012528
0.029167
0.037810
-0.006818
0.000017
0.026521
0.008085
-0.005710
-0.005245
-0.005489
0.018337
0.012356
0.005110
-0.012564
-0.016905
0.031824
0.017280
-0.007961
0.015009
0.004024
-0.012244
-0.003564
-0.005478
-0.028164
-0.041472
0.050971
-0.002231
-0.034356
-0.024615
-0.002234
-0.019975
0.088741
-0.003771
-0.007734
-0.031542
-0.003168
0.006614
-0.007099
-0.028480
0.007483
-0.002283
0.001760
0.002354
-0.006678
-0.014981
-0.009047
-0.012817
-0.029226
0.000490
0.058260
-0.007679
0.024400
-0.009184
-0.005360
0.017749
0.012057
-0.002486
-0.028976
0.005882
-0.002587
0.015333
0.000455
0.015042
-0.015767
0.008736
-0.006942
-0.001101
0.004549
0.020292
0.002783
-0.002843
-0.013777
0.007669
-0.019464
0.002208
0.004318
-0.009487
0.026272
0.014589
0.011628
0.017567
-0.006656
0.013220
-0.009252
-0.006215
-0.009149
0.010135
0.003207
0.000049
-0.001120
0.013295
-0.016311
-0.000778
-0.004819
-0.043184
-0.000157
0.017882
0.016867
0.026436
-0.006467
0.001615
0.013014
0.011126
-0.002634
-0.001691
0.005703
0.001563
0.013350
0.002683
-0.001362
0.008735
0.018496
0.026292
-0.013666
0.019526
-0.009329
0.000890
0.018787
-0.001302
-0.001971
-0.014255
0.002064
0.014626
-0.007023
0.009012
0.006166
-0.026013
-0.003244
0.013927
0.019693
0.012153
0.012296
0.003044
0.000271
-0.004843
0.001989
-0.013284
-0.024971
-0.012412
0.024264
-0.020871
-0.011558
0.002912
0.015333
-0.006925
-0.021311
-0.022097
-0.003635
0.007958
-0.019987
0.002563
0.008020
0.023678
-0.007972
-0.018569
-0.036039
0.039666
-0.032601
0.005657
-0.011818
-0.009089
-0.014371
0.002049
-0.033091
0.013558
-0.003028
-0.038263
-0.036290
0.017313
-0.007732
0.000129
-0.011089
-0.020973
0.003919
0.072108
-0.008520
0.001408
0.017447
0.031549
-0.008057
-0.003146
0.011013
-0.006923
0.001555
-0.017639
-0.064357
0.015683
-0.025565
-0.006432
0.021838
-0.004415
-0.017273
-0.037569
0.017733
0.029046
-0.014216
-0.008702
-0.004600
0.001617
-0.013784
0.004016
-0.010620
0.044310
0.031682
-0.012622
-0.027855
-0.005882
0.002691
-0.015629
0.012396
-0.006132
-0.035653
-0.031550
0.041509
-0.006738
-0.005331
0.009540
0.018305
-0.123558
-0.023574
0.022620
0.018763
-0.003142
-0.002933
-0.004105
-0.024911
0.035088
-0.001070
0.029734
0.014438
0.010422
-0.025066
-0.001902
-0.000899
-0.013781
-0.000369
-0.024218
-0.006216
0.010649
-0.017768
0.013934
-0.009800
-0.007130
-0.024762
-0.024206
0.026402
-0.012710
0.011559
0.002648
0.014245
-0.021559
-0.000187
0.009688
0.025804
0.027183
-0.002699
-0.005303
0.001438
0.020277
0.003615
-0.005263
-0.019647
-0.020837
-0.031062
0.002052
0.005119
-0.009884
-0.010568
0.007112
0.001807
0.020399
-0.003122
-0.010430
-0.023150
0.015220
-0.054992
-0.026688
-0.003877
0.020843
0.018712
-0.001650
0.007202
0.021597
0.030968
0.029434
-0.007882
0.014182
0.010011
0.023845
-0.004450
0.011294
-0.008724
-0.008319
0.003908
-0.023926
-0.033817
0.013361
-0.003037
0.022319
-0.007383
0.003844
0.001790
0.006808
-0.008334
0.007951
0.014901
-0.004097
0.002201
-0.003128
-0.009348
-0.014940
0.007640
-0.006609
-0.002939
-0.012363
0.008723
-0.013556
0.004534
-0.000532
-0.020312
-0.014563
-0.008013
-0.026505
0.000224
-0.011326
-0.010777
0.006984
0.032003
0.022653
0.005520
-0.008032
-0.005678
0.017588
-0.003836
0.015592
-0.001825
0.002181
0.006457
0.000256
0.003370
-0.015773
0.003200
-0.017171
0.051362
-0.004563
0.005678
0.015420
0.012350
-0.001743
0.009171
0.012832
0.014939
-0.008947
-0.000580
-0.001992
-0.014230
0.028408
0.047522
0.018241
-0.001184
0.008877
0.010770
-0.013137
0.002575
0.001194
-0.003857
0.003892
-0.028590
0.004728
0.001630
-0.009111
0.002791
0.020693
-0.006858
0.005956
0.015957
-0.022779
-0.054444
0.010648
-0.016480
-0.031792
0.011552
0.020557
0.016398
-0.010354
0.049699
-0.003139
-0.015477
0.009740
-0.007137
-0.012429
0.023513
0.003279
-0.012562
-0.000786
0.009772
-0.013962
0.011748
0.006268
0.006474
0.006554
0.005322
0.004873
0.006765
0.008702
0.024504
-0.002858
0.009791
0.013239
-0.011186
0.007453
-0.024911
0.015909
-0.004191
-0.005108
0.012922
-0.002468
-0.002833
-0.016183
0.015747
-0.002901
0.001849
0.001192
0.014463
-0.006002
-0.012115
0.001774
-0.008758
0.011922
-0.002571
0.007580
0.018444
0.023547
0.018518
-0.008704
0.027375
-0.002331
0.005133
-0.013876
0.011446
-0.001554
-0.007409
-0.001461
-0.010900
0.005537
-0.004502
-0.007604
-0.011457
0.008375
0.038378
-0.004245
-0.006641
-0.006757
-0.009945
0.011722
-0.014064
-0.021966
0.005453
-0.007152
0.006333
-0.012770
-0.006673
0.005235
0.019898
0.020077
-0.005580
-0.024502
0.015536
0.004444
0.008468
-0.018178
0.008113
-0.079927
-0.011352
-0.001937
0.001641
0.001858
0.014476
0.007469
0.005829
0.013990
0.017915
0.013176
-0.000075
0.015879
-0.000808
0.003677
-0.015788
-0.011575
-0.011108
0.004379
-0.010407
-0.009022
0.019948
-0.002710
0.002888
0.006594
0.002108
-0.003024
-0.000584
0.000905
0.009738
0.000970
-0.011107
-0.011232
0.003907
0.008847
-0.000263
-0.004819
0.007887
0.011860
0.010757
-0.009560
-0.004298
-0.001116
-0.000224
0.009148
0.001662
-0.006930
-0.012936
-0.015701
-0.000057
0.013144
-0.012898
-0.007393
0.003984
-0.007131
0.002027
0.011426
0.011868
0.000998
-0.013071
0.081982
0.007344
0.038728
-0.002963
-0.003782
0.002356
0.001860
0.014141
-0.010899
-0.003499
-0.001782
-0.004167
0.012450
0.001569
0.000185
-0.008504
0.014758
0.011849
0.000198
0.002646
0.001583
0.011296
0.018726
-0.002589
0.018221
-0.003746
-0.006872
0.014141
0.011419
0.003924
-0.002750
0.016001
0.005870
-0.004138
-0.016727
-0.010944
0.010079
-0.001301
0.001086
-0.003471
-0.010342
-0.000880
-0.006055
0.000886
0.005976
0.011881
0.010328
0.006349
-0.000428
0.005884
0.020632
-0.006460
0.000420
-0.003669
0.001894
0.012917
-0.011716
-0.005665
-0.017831
0.014395
-0.005189
0.008303
0.026077
-0.001646
0.006596
0.013822
-0.006463
-0.002338
-0.025981
0.005544
-0.005617
-0.004917
-0.001682
-0.000106
0.002752
0.013194
-0.000208
0.013233
0.002674
0.004923
0.012043
0.013816
0.000398
0.000099
0.007357
0.002171
-0.006401
0.012291
0.001175
0.002445
0.007805
-0.042207
-0.008288
0.008663
-0.006163
-0.003762
0.030717
0.004257
0.002268
-0.000295
-0.007576
0.007139
0.002067
-0.008154
0.000990
0.015634
-0.008671
-0.038133
0.029427
-0.006352
0.006393
-0.015583
0.007260
-0.002803
0.000000
-0.008733
0.020760
0.002182
-0.002871
-0.009133
-0.010620
-0.012253
-0.013123
0.014648
0.021399
0.027165
0.005075
0.017866
0.003720
-0.001045
0.015508
0.005621
-0.003354
0.009534
0.012963
-0.007313
0.002394
0.002860
0.002852
-0.001651
0.007994
0.014129
0.014112
0.012055
-0.001664
0.012984
-0.006928
0.014302
0.001376
0.018546
-0.008682
0.011905
-0.000588
-0.032456
-0.003824
0.011341
-0.003795
-0.004243
-0.022609
0.015303
-0.019015
-0.002948
-0.016932
-0.013670
-0.013675
0.024918
0.029613
-0.007723
0.010378
-0.003542
-0.004709
0.017677
-0.000702
-0.012203
-0.019019
-0.009513
-0.028172
0.000094
0.014022
0.038422
0.001073
-0.024641
0.008879
-0.003811
-0.027140
-0.007770
0.025757
0.007634
0.026016
0.005160
0.001062
-0.035013
0.056533
0.031133
-0.014634
0.012547
0.000169
0.007670
0.007137
-0.008421
0.006643
0.019211
0.023439
0.012652
0.004903
0.005902
0.006962
-0.002098
0.008174
0.027027
-0.006241
-0.025573
0.012656
-0.015028
0.004904
0.002092
-0.006339
-0.016571
0.001503
0.004265
-0.020686
-0.018232
0.018079
-0.006910
0.011004
0.016727
0.011256
-0.007550
-0.012549
0.010405
-0.004088
-0.026127
0.006970
-0.007968
0.025314
-0.015352
-0.001447
0.008612
0.016199
-0.010522
-0.003254
0.007643
0.004267
-0.001967
-0.004336
0.003800
-0.004811
-0.011255
0.022846
-0.005407
0.013474
0.008164
0.004704
0.018192
-0.015756
-0.014706
-0.027130
0.030364
-0.001939
-0.022533
-0.006280
0.006185
0.018841
-0.010187
-0.003562
0.001112
0.023331
-0.001396
0.011027
-0.000922
-0.000077
0.010226
0.008753
-0.022031
0.018670
-0.001969
-0.011383
0.001996
-0.004443
0.001231
-0.005841
-0.005489
-0.006607
-0.002973
0.011458
-0.002250
-0.011043
-0.001966
0.005358
-0.002351
0.004556
-0.010009
0.007978
-0.004545
0.008502
-0.004762
-0.005882
-0.017515
0.007227
0.009328
-0.001264
-0.003480
-0.002460
-0.024823
-0.020397
0.026734
0.019306
-0.000398
0.009633
0.013326
0.008637
0.018901
-0.009995
-0.042294
-0.000479
-0.005273
-0.013896
0.004969
-0.003161
-0.005041
-0.008744
-0.023578
-0.032084
0.006629
0.002176
0.003387
0.036357
-0.052038
0.015420
-0.000781
0.007034
0.010348
-0.005633
-0.012790
-0.020520
-0.061163
-0.024962
0.006012
0.057355
0.029447
0.003277
-0.004678
-0.044697
0.042889
-0.017536
-0.009967
0.027821
-0.019232
0.021970
0.014569
0.009631
0.008412
0.001118
-0.021390
-0.004126
0.015513
-0.015710
0.008113
0.005948
-0.002522
-0.019789
-0.030061
0.011370
-0.006528
0.007301
0.003624
0.004784
-0.004761
-0.011554
0.023927
-0.004638
0.001703
-0.014134
0.014971
-0.007331
0.006214
0.018258
-0.000088
0.015295
0.030996
-0.031911
-0.006332
0.041205
0.010564
-0.008546
0.014059
0.011471
-0.004650
-0.004610
0.001158
-0.004048
-0.031517
-0.005652
-0.003359
-0.029208
0.016379
-0.004291
0.031665
0.012704
0.004378
-0.012992
0.009597
-0.007150
-0.001864
0.004159
-0.008115
-0.009034
-0.009288
0.033247
-0.006301
-0.000423
-0.022076
0.004757
-0.025738
-0.006185
-0.017692
0.007693
-0.021196
-0.027069
0.012261
-0.000932
0.012870
-0.005340
-0.011201
0.017974
-0.013059
-0.019195
0.000855
-0.025059
-0.019570
-0.042205
0.005288
0.016192
0.014513
-0.025710
0.021871
-0.024015
-0.004839
0.001345
-0.005062
0.053167
-0.019523
0.005531
-0.065707
0.007172
0.034541
-0.009349
-0.020222
0.019792
0.008035
-0.026708
0.010530
-0.000211
-0.007580
-0.006046
0.003095
0.028195
0.015315
-0.018956
-0.002285
0.008746
-0.022605
0.014891
0.006868
0.001550
-0.002270
0.039715
0.002188
0.007444
0.014877
-0.011067
-0.008246
0.000891
0.000494
0.010774
0.002542
0.020094
0.013291
-0.001604
0.001134
-0.000094
0.007648
-0.005529
-0.004334
-0.004542
0.023671
0.017459
-0.005203
0.009175
0.010274
-0.011789
0.010473
-0.021810
0.001106
0.003313
0.013025
0.014487
0.000535
-0.020071
-0.021575
-0.005303
0.002058
-0.010828
-0.002737
-0.005677
-0.006947
-0.062578
-0.030566
-0.011494
-0.001067
0.016446
-0.010401
-0.004059
-0.005577
0.000755
0.006789
-0.009741
-0.023457
0.001992
0.037119
-0.004154
0.011445
-0.003807
0.010828
0.012707
0.015244
0.017569
0.007930
-0.000598
-0.004883
-0.014020
-0.007516
0.002047
0.007251
0.004056
-0.000909
0.007176
-0.008229
-0.015076
0.001233
-0.003283
0.004221
-0.022758
-0.002413
0.008517
-0.003754
0.005756
-0.028096
-0.014561
0.016840
0.008655
0.012712
0.003033
-0.009386
0.005685
0.004292
0.007713
0.003103
0.004537
-0.005646
0.019820
-0.000101
0.010630
0.000401
0.000901
-0.005302
-0.007744
-0.013379
-0.006883
0.064963
0.013502
-0.001246
0.017657
-0.014804
0.012538
0.006178
0.015207
0.008281
0.004060
-0.007444
-0.000648
0.002316
0.012017
-0.000913
-0.001463
-0.001282
0.002567
-0.007772
0.003133
-0.007533
-0.004258
-0.005857
-0.001122
-0.007676
0.000943
0.005938
0.009369
-0.000279
0.006128
-0.026209
-0.022650
0.022399
0.023805
0.035387
0.033998
-0.005624
-0.011660
-0.000088
-0.000176
0.009423
-0.016664
0.001508
0.001860
0.007605
-0.015533
0.007755
-0.004688
0.004266
0.000443
0.007430
0.001493
0.017447
0.002154
0.008942
-0.003068
0.005556
-0.000680
-0.000681
-0.002979
-0.000512
-0.003930
0.009005
0.005100
-0.022495
-0.009603
-0.006639
-0.001583
-0.018055
0.000897
-0.010719
-0.009014
0.014425
0.005887
-0.001621
-0.027868
0.005937
-0.025085
0.013244
0.026888
-0.000364
0.001000
0.015174
0.000627
-0.005098
0.005035
-0.001968
-0.000986
-0.008434
-0.009320
0.003745
-0.007188
0.007699
0.009823
0.009817
0.016322
-0.005704
0.016681
0.000000
0.005469
0.001295
0.005777
0.002658
0.000941
-0.006578
0.001978
0.006351
-0.004264
-0.000257
-0.007796
