0.033512
0.008132
-0.007410
0.003970
0.008157
0.020962
0.010566
-0.001426
-0.013881
-0.019003
0.003936
-0.018193
-0.003723
0.041791
-0.022001
0.015878
-0.006797
0.003757
0.014525
-0.039382
-0.000519
-0.029782
0.009247
-0.003118
0.002170
-0.019404
-0.007794
0.001767
0.014877
-0.009572
0.018354
0.004596
0.007964
-0.000021
-0.010991
-0.012090
-0.034758
0.001515
-0.002714
-0.021306
0.005175
0.037646
-0.004174
-0.002019
-0.003871
0.003952
-0.025772
0.011218
-0.004040
-0.011968
0.014472
-0.004360
0.025310
0.012025
-0.000455
0.006864
-0.002968
-0.003753
-0.002078
-0.005988
0.000808
0.030685
-0.003343
0.001040
-0.006999
-0.003652
-0.004223
0.006157
-0.002353
0.017114
-0.003099
0.006789
-0.009159
0.022962
-0.007047
-0.003235
0.000963
0.006674
-0.004510
-0.015929
-0.005049
-0.006866
0.015995
-0.004459
-0.008172
-0.000984
0.005227
-0.016580
0.011420
-0.010627
-0.008186
0.031900
-0.003491
-0.001359
0.000595
0.011177
-0.003972
0.000760
0.019375
0.007425
0.023588
-0.001384
0.005001
0.013329
0.023212
-0.001137
-0.006155
0.000835
-0.008051
-0.012849
0.000931
-0.004750
0.006066
0.018403
-0.001727
-0.008439
0.008118
0.021143
0.004648
0.005385
-0.007487
-0.002432
-0.004400
0.014693
0.007466
0.013643
-0.004117
0.005858
0.001438
0.002080
0.001579
0.012525
0.001503
0.003635
-0.009910
-0.001656
-0.051897
-0.014631
0.002907
-0.008249
-0.003453
0.007658
0.008244
-0.011839
0.005765
-0.003763
-0.015675
0.013916
0.011804
0.018914
-0.021016
0.001982
-0.000485
-0.013385
-0.021726
-0.012119
0.017334
-0.004240
0.017453
0.012120
-0.001092
0.005486
-0.003379
-0.013366
0.012796
-0.002886
0.007528
0.019214
0.005046
-0.008109
-0.007965
-0.009377
0.013314
0.002532
0.004075
0.007565
-0.006525
0.018980
0.021634
0.010935
0.013150
0.014140
0.001725
-0.001476
-0.001162
-0.000405
0.026936
0.003159
-0.000633
-0.008544
0.025940
0.026210
0.009120
0.016597
-0.005421
0.024743
-0.027111
-0.006628
0.028377
0.009692
0.007958
0.009369
0.038448
0.000074
-0.010817
0.009110
0.006863
0.022879
0.017603
-0.005361
0.011433
0.020246
0.022242
-0.011931
-0.053347
-0.043050
-0.048044
0.045058
-0.028567
-0.018748
0.006321
-0.012278
0.036255
0.018472
0.024496
-0.015812
0.011366
0.027748
0.006847
-0.005739
-0.016551
0.003859
0.020975
0.023980
-0.000545
0.004966
-0.026753
0.000215
-0.007578
-0.005893
-0.030045
0.006156
0.005970
0.018188
0.010150
0.005799
0.014428
-0.014209
0.002554
-0.015729
-0.009096
0.000204
-0.041338
-0.011796
-0.027062
0.034068
-0.009905
-0.013112
0.024395
-0.024732
-0.034031
-0.024612
-0.000899
-0.026489
-0.061145
0.047155
-0.014082
-0.018397
-0.009820
-0.004087
0.029237
-0.085770
-0.039678
0.022950
-0.010043
0.006458
0.023250
0.008651
-0.005891
0.031906
-0.004433
-0.004904
-0.039064
0.000098
-0.012063
0.009824
-0.042064
-0.045740
0.018678
0.005350
-0.008856
-0.030052
-0.027176
0.006973
-0.033505
0.001502
-0.045529
0.063392
0.000773
0.006429
-0.011490
-0.041218
0.045943
-0.016304
0.003588
0.062300
-0.021235
0.016438
-0.030795
-0.013511
0.005456
0.057302
-0.000021
-0.022718
0.035090
0.012163
-0.018896
-0.007738
0.010534
-0.024793
-0.012657
-0.010672
0.018329
-0.012065
0.199915
-0.003003
0.032001
-0.015333
-0.006313
0.001878
0.014815
0.011501
0.028327
0.032719
-0.019879
0.023413
-0.014355
-0.012552
0.006926
-0.016826
0.020482
-0.003317
-0.011492
0.008155
-0.001601
-0.004396
0.001870
-0.049447
-0.000964
-0.008809
0.029892
0.013086
0.025975
0.004803
-0.018436
-0.013391
0.008673
0.024606
-0.032918
-0.016102
-0.006632
-0.016186
0.014215
0.033565
0.002275
-0.005848
-0.012433
-0.003876
-0.024581
-0.002233
-0.005337
0.016043
-0.040254
-0.001418
-0.003125
0.015786
-0.014381
0.018898
0.012868
0.019525
-0.023407
-0.001810
-0.012524
-0.022818
-0.010602
0.037803
-0.004033
-0.097705
-0.026012
0.017726
0.025382
-0.027799
0.034397
-0.030204
0.012554
-0.000849
-0.018542
-0.012433
-0.010388
0.036393
0.013525
-0.014846
0.033165
0.011778
0.003534
-0.005133
0.010919
0.009219
-0.023228
-0.015653
-0.011213
0.003155
0.008345
-0.015451
-0.018323
-0.011768
0.011097
-0.022141
0.004231
-0.001805
-0.030469
-0.013348
-0.054699
-0.003072
-0.010749
0.047301
0.009014
-0.008683
0.020905
-0.064209
0.059326
0.022934
-0.042324
-0.002023
0.013605
0.010319
-0.019472
-0.116091
0.051234
0.027964
-0.051564
-0.009168
-0.040578
-0.067886
-0.022832
-0.027003
0.009180
0.147651
-0.048055
-0.064900
0.040835
0.055294
0.018199
-0.043683
-0.019518
-0.009419
-0.036983
-0.028884
0.119154
-0.029152
0.004721
-0.000917
-0.035814
0.059021
-0.067313
-0.032200
-0.000242
-0.037326
-0.022963
-0.065691
0.072440
-0.006601
-0.031933
-0.008996
-0.057965
-0.073596
0.011057
-0.019015
0.095595
0.035597
0.002979
-0.092060
0.034287
0.015703
-0.018216
0.035175
0.063805
0.012777
0.009315
-0.027848
0.051762
-0.016120
0.047027
-0.030866
-0.015734
-0.000355
-0.042106
0.003063
0.016543
-0.008549
-0.009788
0.019131
0.014978
0.044434
0.020945
0.018320
-0.036071
0.009875
-0.031120
-0.007554
0.005213
-0.042473
-0.006579
0.002274
-0.056462
0.071901
0.011284
0.059380
-0.002556
0.023497
0.051858
-0.015344
-0.013952
0.006026
-0.000352
0.007490
0.031254
0.049644
0.020173
-0.053489
-0.001311
0.013993
-0.014791
-0.041993
0.030497
-0.029651
0.011120
-0.047308
0.046628
-0.011029
-0.013055
0.002402
-0.032042
-0.005135
-0.020155
-0.041641
0.009586
-0.057297
0.059404
0.031606
0.017678
0.002751
-0.014580
0.048954
-0.006680
-0.009487
0.000667
0.055852
-0.004102
-0.008929
0.026797
-0.015823
-0.014409
0.015670
0.017325
0.023751
0.020083
-0.004165
-0.026043
0.009341
0.029006
0.015060
-0.024331
0.028706
0.024348
0.009003
-0.032990
0.005721
0.006265
0.002162
0.012478
-0.009089
-0.005804
0.020224
0.011495
-0.005758
0.021057
0.002513
0.001191
-0.017002
0.027029
0.001596
-0.021986
-0.023734
-0.005237
0.006452
0.017538
0.005141
-0.004262
-0.001712
-0.007566
0.027598
0.002968
0.011934
0.016642
0.022362
0.004314
0.007586
0.019993
0.009176
-0.012491
-0.007179
-0.006933
-0.008322
-0.009697
-0.018995
-0.001848
-0.002019
-0.002650
0.014563
-0.030327
-0.004100
0.008899
0.015832
0.022969
-0.002774
-0.006012
-0.006167
-0.025060
0.002742
-0.031689
0.014774
0.019628
0.009771
0.023890
0.000919
0.031741
0.010110
-0.027903
-0.000186
-0.005277
-0.000491
0.022563
0.021448
-0.004298
-0.011129
-0.008207
0.021548
-0.005812
0.020675
0.003361
-0.005708
-0.001729
0.014966
-0.001072
-0.005847
0.010222
0.008068
-0.004932
-0.032848
0.000877
-0.002942
0.037030
0.010491
0.007501
0.005632
-0.007149
-0.004145
-0.002811
-0.006627
-0.012801
-0.006034
0.009956
0.008262
-0.005810
0.011665
0.015023
0.002548
0.006312
0.005093
0.022511
0.007024
-0.000529
0.011273
0.004145
-0.001202
-0.003390
-0.008636
0.012285
0.000000
-0.005376
-0.017445
-0.005378
0.008131
0.020920
0.037695
-0.006492
0.004026
0.015090
0.003950
0.017506
-0.010106
0.037629
0.004074
-0.000670
-0.001124
0.005425
-0.000722
0.000939
-0.010682
-0.014573
0.019896
-0.027094
-0.003973
0.006180
0.005658
0.015398
0.004466
0.020704
0.007555
0.006705
-0.004750
0.007396
0.007395
0.002100
-0.001455
-0.006347
-0.005288
0.021738
0.001271
0.004545
-0.010209
0.005589
0.011784
-0.004001
-0.003013
-0.001246
0.002120
0.001365
0.003356
0.004210
-0.001674
0.008840
-0.004348
0.007789
-0.006391
0.004175
0.003789
0.004076
0.017567
0.011117
0.007098
-0.005571
0.005376
-0.004416
0.010920
-0.004404
-0.025209
-0.023280
0.013331
-0.001512
-0.017684
-0.005741
0.004701
-0.016699
0.013138
-0.012270
0.004428
-0.056554
-0.018200
0.004481
-0.000590
-0.014407
-0.008142
0.005812
-0.003565
0.018263
-0.025961
0.008561
0.004103
0.005567
-0.003710
0.003649
-0.006115
0.015344
-0.005708
0.009309
-0.004529
0.003773
-0.014241
-0.006728
-0.009483
0.000703
0.011181
0.015713
0.007873
0.016999
0.017346
-0.003066
-0.004071
0.029026
0.008136
-0.002753
-0.028229
0.003587
0.000637
0.001485
-0.011299
-0.004464
-0.015247
0.015173
0.009958
-0.000338
-0.000427
0.007574
0.000724
0.002962
0.003885
-0.004886
-0.008236
0.007009
-0.002238
0.011497
0.024514
0.003800
0.010696
-0.075844
-0.000091
0.008980
-0.001333
-0.013061
-0.003784
-0.024496
-0.004853
0.000246
0.005310
-0.011842
0.009321
-0.045665
0.006695
-0.021755
-0.011089
0.057813
-0.024154
-0.007190
0.010863
-0.006557
0.000867
-0.018899
-0.007906
-0.039278
-0.006231
0.010825
-0.000189
-0.003354
0.031527
-0.009848
-0.006713
0.022804
0.024789
-0.013608
-0.026468
-0.001524
-0.022196
0.027404
0.003059
-0.010870
0.030630
0.006586
-0.002374
-0.000100
-0.022939
-0.004728
-0.008638
-0.014418
-0.005094
-0.001269
-0.037748
-0.020495
-0.012271
-0.006690
-0.001099
0.032403
0.014127
0.023940
0.017840
0.028098
0.004375
0.005454
-0.069653
0.014295
0.033056
-0.008493
0.015309
0.010829
-0.002224
0.007485
-0.016808
0.001321
-0.000289
0.011467
-0.001183
0.033665
0.003516
-0.015509
0.010255
-0.003245
-0.023764
0.000549
-0.011504
-0.001563
0.010153
-0.017064
-0.029410
-0.012714
0.004437
-0.027323
0.007156
-0.008007
0.017407
-0.013382
-0.005898
0.022910
0.006191
0.015372
-0.012545
0.013307
0.011900
-0.000084
0.012874
-0.003815
0.000437
0.000874
0.018896
0.036989
0.010191
0.004947
-0.004884
0.026895
0.005917
-0.006108
0.000986
-0.003601
-0.000323
-0.006221
0.030401
-0.007209
-0.008122
0.011962
0.004643
0.004732
0.003528
-0.004362
0.111881
0.027035
-0.015995
0.000247
0.006596
0.000882
0.006481
0.003406
-0.003443
0.003423
-0.007889
0.002118
0.000976
0.007440
0.006595
0.001297
0.002704
-0.003111
-0.003105
-0.009135
-0.022521
-0.012962
-0.019732
-0.000291
0.022295
-0.009605
0.000660
-0.013887
0.020514
-0.008353
-0.013373
-0.045352
0.015548
0.013237
0.002064
0.009354
0.015181
0.005791
0.001626
0.001200
0.004070
0.000488
-0.007749
0.002389
-0.001538
0.007211
0.013461
0.004013
-0.002081
-0.003062
-0.005744
0.003473
-0.003561
-0.008166
0.017476
-0.003690
0.011543
0.007273
0.004792
-0.003618
0.002931
0.001396
-0.000292
0.012145
0.024752
-0.012320
-0.007883
-0.023837
-0.001226
0.014450
-0.005501
0.000470
-0.025617
-0.001048
0.017789
0.001571
-0.003023
0.001360
0.005418
0.006658
-0.003040
-0.000097
0.013075
0.005845
-0.006368
0.000112
0.001666
0.007709
-0.031536
0.001819
-0.004090
0.002004
0.005508
-0.020607
0.000050
0.014597
-0.014666
-0.014918
0.001099
-0.000912
-0.019383
-0.006186
-0.011652
-0.000754
-0.021877
0.007647
-0.000534
0.027519
0.001422
0.008384
0.008125
-0.012183
-0.007555
0.011071
0.000189
0.008456
0.008590
-0.006962
-0.031633
0.008944
0.010136
-0.003172
-0.001366
-0.011708
0.009937
0.003870
-0.082643
-0.007274
-0.010079
0.008053
-0.001198
-0.000095
0.014799
0.009271
0.000390
0.011395
-0.010182
-0.008671
0.003559
-0.002837
0.001928
0.004446
0.009262
-0.013286
-0.000747
-0.010279
-0.021018
0.023224
-0.001225
0.002718
-0.013591
-0.010763
-0.000251
0.002721
-0.002963
0.005346
0.015588
-0.006465
0.004680
-0.009431
-0.003862
-0.003896
0.000270
-0.004700
-0.013973
-0.009382
0.007212
-0.010662
-0.005130
-0.030677
-0.000907
0.017376
-0.012150
-0.013942
-0.011120
0.016678
0.022473
0.007941
0.017706
0.028931
0.021899
0.005484
0.020995
-0.026729
-0.008853
0.012764
0.007959
-0.017315
0.129845
-0.004485
0.012791
-0.011949
0.019551
0.018518
0.001213
0.005719
-0.024578
0.006126
-0.011867
0.005102
-0.023683
0.014804
-0.039340
0.002632
-0.057025
0.050163
-0.042552
0.023898
0.002917
-0.011600
-0.032715
-0.010853
-0.053024
-0.027650
0.014768
0.041452
0.008616
-0.006211
0.013114
0.023194
0.003005
0.000481
-0.015639
-0.014385
-0.005068
0.022693
0.001741
-0.018899
0.010041
-0.001132
0.004816
0.019715
0.007594
-0.000018
-0.000073
-0.013592
-0.034384
0.009315
0.012141
0.014007
-0.019468
-0.002534
-0.023621
-0.037900
0.012875
0.005579
0.019834
0.000797
0.042806
0.011188
0.009794
0.019125
0.058480
-0.015667
0.013908
-0.016613
0.005115
0.011685
0.010042
-0.022233
0.005402
0.021081
0.002455
-0.012497
-0.023606
0.010663
0.021682
-0.002276
0.020448
0.006592
-0.018601
-0.009768
0.022299
0.007644
0.005808
-0.008255
-0.017335
-0.009969
-0.023433
-0.001618
-0.017052
-0.012471
0.044742
-0.008943
0.028237
0.023991
0.010737
0.008527
-0.003005
-0.000609
-0.011774
0.018456
-0.003236
0.000384
-0.012084
0.002378
0.010362
-0.006598
0.013734
-0.007218
0.006200
0.005463
0.011230
-0.000859
0.004221
0.005448
0.030206
0.004313
-0.013871
-0.013642
-0.042399
0.001092
0.004525
0.005879
-0.007385
0.005744
0.006889
0.010523
-0.083775
-0.000802
-0.007839
-0.019693
-0.002441
0.020912
-0.003948
0.004189
0.001241
0.007369
0.019176
0.021398
-0.003809
0.005076
0.002640
-0.009077
0.010381
-0.003986
-0.006888
0.001585
-0.003100
0.015480
-0.009870
-0.003010
0.006253
-0.000967
0.014902
-0.000226
0.006713
-0.001848
-0.011268
-0.015124
0.003042
0.000560
-0.011348
0.008163
0.020871
-0.002897
0.008344
0.006295
0.014303
-0.000773
0.010245
0.009485
-0.005356
0.010489
-0.003557
0.013508
-0.011208
-0.011058
0.008858
-0.006647
-0.011624
-0.004456
-0.002341
-0.006309
0.014517
0.023665
-0.040568
-0.029667
0.005775
-0.003478
-0.013417
-0.005406
0.002584
0.006141
0.014054
0.009431
-0.000796
-0.016472
-0.000694
0.004682
0.006192
-0.022994
0.017723
0.008625
-0.005940
0.007404
-0.013737
-0.002032
0.011771
0.029160
-0.009349
-0.036353
0.022835
-0.021674
0.014414
-0.009517
-0.020094
0.004750
-0.010280
-0.012529
-0.017009
0.013328
-0.014138
0.017812
-0.004030
0.003839
-0.020588
-0.005981
-0.007096
-0.003636
0.009767
0.011231
0.018709
-0.006913
-0.021298
0.011093
-0.018863
0.007098
0.008182
-0.008765
0.027928
0.000690
0.012679
0.013763
-0.016680
0.000051
-0.007355
-0.018068
-0.001243
0.010588
-0.002775
0.003148
0.006988
0.021179
0.029946
0.007678
-0.012900
0.000691
0.008832
0.035216
-0.004189
0.001060
-0.000458
-0.006212
0.020008
0.002323
-0.003547
0.002638
0.000187
-0.000545
0.028053
0.013106
-0.001675
0.007985
0.006346
-0.002363
-0.008926
0.011456
-0.000561
0.002704
-0.013866
0.011999
0.015888
-0.009200
0.005002
-0.005912
-0.000470
0.027442
0.009651
-0.007619
-0.012244
-0.001892
0.021943
0.005156
0.000423
0.011691
0.012836
0.000852
0.008062
0.020968
-0.000294
0.005740
0.004035
-0.002644
0.009649
-0.006288
0.007279
0.007279
-0.000521
-0.012779
-0.018144
0.000632
0.009294
-0.008956
-0.005062
0.005020
0.014489
-0.080067
-0.019007
-0.004576
0.002475
-0.004483
0.000679
-0.003851
0.007628
0.010716
0.000480
-0.007210
-0.001816
-0.021416
-0.022230
0.016465
0.004329
-0.010287
-0.009863
-0.008107
-0.000124
0.032495
0.002634
-0.006120
0.003154
-0.010210
0.014460
0.019323
0.012023
0.009366
-0.004468
-0.006070
-0.004645
0.004812
-0.010013
0.001768
0.016720
0.000976
0.007369
-0.001053
0.026811
0.000402
-0.001331
0.003124
-0.009317
-0.008566
-0.000888
-0.003640
-0.008892
0.010528
0.022435
0.000581
0.019760
-0.004363
-0.001974
0.006573
0.004552
-0.002009
-0.022622
0.002323
-0.013436
-0.005411
-0.009574
-0.002328
0.054960
0.017141
-0.000716
-0.003901
0.003930
0.000199
0.002467
0.026347
-0.021377
0.008854
0.005785
0.004908
0.014756
-0.003756
-0.002198
0.002767
0.006336
0.006435
0.017607
-0.017835
0.003874
0.005254
-0.011179
-0.000809
0.012213
0.001776
0.006228
0.018991
0.020816
-0.008610
0.001467
-0.001297
0.003969
-0.008637
-0.002779
-0.004568
-0.008813
-0.007995
0.004370
0.004178
-0.004235
-0.001171
-0.000827
0.003434
-0.012014
-0.010552
0.008814
0.014790
-0.008413
-0.013806
-0.015118
-0.010472
0.003614
0.016113
0.000266
-0.000430
-0.010278
0.014630
-0.013625
-0.021276
0.044339
0.000300
0.009736
0.006870
-0.005348
-0.009492
0.022011
0.006727
-0.005021
0.011189
0.019419
0.018718
-0.005014
0.019131
-0.002461
0.010040
-0.003067
0.010906
0.032454
-0.013124
0.005875
-0.000715
-0.001717
-0.019350
-0.007454
-0.010727
0.009103
-0.014706
0.002822
0.000528
-0.004121
-0.009831
0.000698
0.005746
0.017452
0.011924
-0.011694
-0.008900
0.005757
-0.002235
0.012811
0.016214
0.000067
-0.017698
-0.004306
-0.012646
-0.004127
0.008601
0.003915
0.003763
0.008531
-0.006273
0.004670
0.007965
0.012983
0.000166
0.000829
0.015729
0.002999
0.001831
-0.005494
-0.001153
-0.008568
-0.015461
0.015726
-0.007577
-0.000996
-0.016835
-0.002647
-0.003479
0.009804
-0.003558
0.018553
0.002599
-0.001732
-0.009315
-0.006603
0.002257
-0.002521
-0.005503
-0.004811
-0.012982
-0.011669
-0.003199
0.010199
-0.000266
0.004518
0.005038
-0.004006
-0.004390
-0.018744
-0.001882
0.008108
-0.009972
0.015917
0.013076
0.009098
0.000023
0.009630
0.000698
0.008462
-0.003493
-0.004468
-0.001473
-0.001859
0.019422
-0.005458
0.005254
-0.018392
0.000384
-0.010836
0.001072
-0.002027
-0.000548
0.012661
0.001116
-0.013401
-0.004269
-0.007577
-0.013942
0.002565
0.014465
0.004319
0.004725
0.006734
0.018163
-0.010289
0.137963
-0.008019
0.003688
0.024240
-0.005682
-0.010092
-0.000197
0.020926
-0.005616
0.000155
-0.003435
-0.000906
-0.004473
0.001204
-0.014471
0.008016
-0.005354
0.001178
0.020449
0.002673
-0.001613
-0.001945
-0.006156
-0.002819
0.011503
-0.002108
0.013606
0.011932
0.004441
-0.003311
-0.004823
-0.001157
0.004671
-0.000794
0.011851
0.007730
0.006047
-0.006795
-0.006804
-0.008570
0.011491
-0.002908
0.013918
0.001355
0.013257
0.013156
-0.002923
0.005055
0.000841
-0.007994
0.010140
-0.006772
-0.007295
0.011149
0.019278
0.002081
-0.009630
-0.000053
-0.006371
0.023527
-0.000679
0.006617
-0.004921
0.011447
0.001134
-0.004223
-0.031265
-0.020110
0.019778
-0.014328
0.025720
0.040145
-0.040255
0.004173
0.004428
0.014661
0.015069
-0.003830
0.014707
-0.002932
0.011132
0.002417
0.006718
-0.007053
0.001472
-0.000266
0.007244
0.006177
0.000139
-0.000787
-0.002920
-0.010661
0.010161
0.002757
0.001108
-0.003952
-0.002651
-0.009558
0.006092
-0.015108
-0.013675
0.016456
0.016072
-0.009915
-0.001743
-0.011795
-0.021225
0.000682
-0.023086
-0.012306
0.002740
-0.005393
0.018295
-0.000282
0.004832
-0.046688
-0.009187
0.031125
0.016652
-0.041107
-0.019133
0.003619
0.007361
0.037469
-0.036727
-0.013953
0.011710
-0.014716
-0.003378
-0.017099
0.001879
0.020400
-0.001971
0.008905
-0.006436
-0.000227
-0.024005
-0.010055
0.002039
0.015127
0.021572
0.005982
-0.012081
-0.012665
0.001250
0.015808
0.001721
0.017309
0.011356
0.014017
0.023973
-0.007545
-0.002849
-0.000339
-0.010645
-0.016230
-0.000514
0.016965
0.004387
0.010408
-0.002793
-0.003051
-0.013403
0.000744
-0.013557
-0.002333
0.019079
0.002765
0.002631
0.015440
-0.000584
0.024849
-0.004580
0.002153
-0.003395
0.012846
-0.000575
0.004113
-0.004241
-0.019167
0.008738
-0.008645
0.014148
0.009824
-0.000154
-0.003625
-0.015326
0.037213
-0.009427
0.008940
0.002085
-0.004413
-0.007297
0.002682
-0.008449
0.003091
-0.026931
-0.009675
0.012507
-0.014098
0.002308
-0.005322
0.009603
-0.001565
-0.009069
0.021413
-0.000226
-0.002036
0.015136
0.008073
-0.004038
-0.001916
-0.001389
-0.004051
-0.004033
-0.011871
-0.003152
0.004216
0.010024
0.001057
0.006990
0.007045
0.006211
-0.014770
0.003597
-0.003001
-0.009856
-0.004378
0.011953
0.008311
0.007695
0.011557
-0.014612
-0.010624
0.011805
-0.021990
0.003547
-0.001282
0.001735
-0.015744
0.003185
0.009122
0.003598
-0.023573
0.015539
-0.020297
-0.029222
-0.020717
0.008871
-0.014704
-0.010414
-0.025433
0.018917
0.010944
0.011718
0.021156
-0.007721
0.001834
0.015034
0.000783
0.001784
0.015936
-0.006904
-0.001999
-0.014780
-0.007107
-0.001900
0.011978
0.005114
-0.005415
-0.003526
-0.001797
-0.014493
-0.002758
0.003663
-0.004022
0.004992
0.003293
0.003356
-0.001312
0.002702
-0.014820
-0.000094
-0.004553
0.011274
-0.022427
0.003275
0.012126
-0.013705
0.004334
-0.018322
-0.009370
-0.035831
0.019177
0.012300
0.010272
0.016500
0.010898
-0.003430
0.009948
-0.006928
0.000170
-0.007579
-0.003020
-0.020846
-0.023177
-0.001713
0.003153
-0.012951
-0.007296
0.007370
0.009452
0.001837
0.012535
-0.002322
0.021977
0.031561
0.010404
-0.008779
-0.030978
-0.016640
0.001294
0.046724
-0.011300
0.001438
-0.012244
0.009220
0.006482
-0.005970
0.017259
-0.001807
0.012986
0.011198
-0.011238
-0.005784
0.005874
-0.007221
-0.013062
0.007859
0.014513
0.021347
0.005257
0.023173
0.004026
-0.000471
0.003418
-0.013288
0.002052
-0.024330
-0.006901
0.007856
-0.014743
0.013137
-0.006618
0.015721
-0.002699
0.004247
-0.002766
0.020365
-0.020002
-0.006469
-0.012303
0.006729
-0.007300
-0.009927
-0.012957
0.002306
0.000475
0.008547
-0.001532
-0.001424
-0.001555
-0.016284
0.004035
0.002385
-0.018265
0.021620
-0.002634
0.010104
0.014155
0.033016
-0.017153
-0.003043
-0.008308
-0.021381
0.001042
0.005354
-0.018455
-0.012396
0.012361
0.014170
-0.004682
-0.012432
0.001096
0.016578
-0.008451
-0.002903
0.009506
0.003554
0.006008
-0.004424
-0.014423
0.014033
-0.000018
-0.014210
0.003533
0.009719
0.002096
-0.006681
-0.006279
-0.012188
-0.000266
0.018987
-0.003876
-0.004265
-0.009637
0.001802
0.002102
0.014114
-0.000074
0.002795
0.004255
-0.004884
-0.004853
-0.006614
-0.019128
-0.001937
0.002555
0.002989
-0.001032
0.004131
-0.015599
0.007449
0.018149
0.030974
0.026622
-0.001568
0.035040
0.160524
-0.014727
-0.001086
-0.000302
-0.026914
-0.032160
0.005934
0.001180
0.006258
0.001044
-0.011034
0.008951
-0.003105
0.023091
-0.001709
-0.011483
-0.002471
0.042684
-0.001846
-0.004715
0.001021
0.005707
-0.007172
0.007270
-0.021289
-0.053105
-0.037340
-0.012805
0.079992
0.014301
-0.011339
-0.019242
-0.033093
0.027685
-0.013169
-0.009155
0.023239
-0.003156
0.014085
0.007114
-0.004043
0.019094
0.001322
0.010881
-0.021232
0.009837
-0.020065
-0.000530
0.005527
-0.022100
-0.027910
0.000134
0.022606
0.004717
0.025553
0.023225
0.006189
-0.004772
-0.004982
0.006962
0.004754
0.008706
-0.001748
0.016248
0.000695
0.005889
-0.023750
-0.011795
0.014285
0.077034
0.015356
-0.006019
0.006295
0.005568
-0.008523
0.014490
0.001456
0.008239
0.004313
0.003432
-0.012088
0.004732
0.009721
-0.005670
-0.019460
0.016681
-0.005021
0.020267
-0.002149
0.024634
-0.000819
-0.010185
-0.000174
0.002820
-0.010210
0.032911
-0.006075
-0.012907
0.018962
-0.004643
-0.001153
-0.014114
-0.002860
-0.014130
0.012045
-0.005844
0.019761
-0.011423
-0.013504
0.011443
0.002982
0.000413
-0.002546
0.018854
0.018478
-0.007211
-0.015720
-0.022454
0.000998
0.001400
-0.023170
-0.016410
0.002184
0.014022
-0.035134
0.020212
-0.028361
0.010569
-0.004759
0.011654
0.026408
-0.018725
0.001925
-0.018302
0.044244
0.016403
0.012181
0.016822
-0.049304
-0.026054
-0.034519
-0.001214
-0.006782
0.008863
-0.001476
-0.001039
0.012603
0.025181
-0.015599
0.005105
0.007918
-0.015019
0.005332
0.008848
-0.000964
-0.010354
0.030153
0.000056
-0.008945
-0.002148
-0.022127
-0.001712
0.016240
0.010748
0.019640
0.005049
-0.002957
0.010655
0.002296
-0.000244
0.006087
-0.001806
-0.003631
-0.003740
-0.002407
0.015323
0.007734
-0.007435
0.006658
-0.006161
-0.010050
0.010694
-0.007255
-0.001526
-0.004126
0.009496
0.011614
0.001969
0.007700
0.010026
-0.016540
-0.001671
0.008596
-0.053179
0.006094
-0.020756
-0.003248
-0.020996
0.002880
0.007504
-0.008379
0.004824
0.008236
0.013815
0.002503
0.014420
-0.010910
-0.002768
-0.003477
0.007962
-0.014320
0.000566
-0.008930
0.013451
-0.007749
0.022507
0.007194
-0.001586
0.011794
0.004177
-0.002134
-0.005108
-0.011035
-0.008016
0.000140
0.016228
0.000412
-0.012586
-0.001460
-0.000125
0.000905
-0.011907
-0.026240
0.002877
0.003215
0.002184
0.006323
-0.037970
-0.010308
0.017628
0.005985
0.011679
0.010273
-0.006093
0.004058
-0.003454
0.014769
0.013406
0.007761
-0.005079
0.005537
-0.001526
0.019351
0.004334
0.005740
-0.003454
0.005564
-0.003999
-0.001825
0.004537
0.005581
0.030674
0.005320
-0.002342
0.002736
-0.002031
0.013750
-0.000588
0.003198
0.000536
0.000217
-0.002077
-0.000996
-0.006774
0.003564
-0.003090
-0.002675
-0.004217
-0.000091
-0.003160
-0.000299
0.000169
0.003392
-0.003963
-0.002653
0.002255
0.003486
0.011174
0.000346
-0.006446
-0.020198
0.012321
-0.012132
0.003686
0.012158
-0.003732
-0.004136
0.007457
0.006235
0.014158
-0.000394
-0.016127
0.011366
-0.001852
-0.008381
0.002942
-0.006085
0.005009
0.000051
0.000502
-0.002291
0.014011
-0.003652
0.003920
-0.010113
0.000437
0.001837
0.019616
0.007846
-0.005652
0.003011
0.017189
-0.006690
-0.010648
-0.004655
0.000025
-0.013616
-0.001185
-0.019027
-0.008547
-0.000144
0.026902
0.010211
-0.006578
-0.028969
-0.011199
-0.023792
0.030445
0.007897
0.008830
-0.013861
0.011387
-0.001209
-0.009476
0.000907
0.008613
0.003384
-0.016605
-0.013350
0.003450
0.016016
-0.004472
0.015913
0.006782
0.016576
-0.000025
0.008654
0.001218
0.000979
-0.008836
0.004299
0.002795
-0.002335
-0.004153
-0.001706
0.002076
-0.008212
-0.002879
-0.014014
